Number of spins in each direction: 10
Total number of MC cycles: 1000
Initial spin configuration: random
T         E         Mspecific_heatsusceptibility
2  -173.236     89.14   89.5021   100.002
2.05  -344.896   178.896  -13990.8  -7664.67
2.1  -511.328    266.08  -39269.3    -22272
2.15  -672.828   350.758  -73090.3  -42640.8
2.2  -827.748   431.344   -112761  -67248.2
2.25  -976.044   508.038   -156173  -95017.5
2.3   -1120.1    582.82   -202500   -125846
2.35  -1257.22   649.646   -249451   -156035
2.4  -1381.49   706.792   -293274   -183424
